0.0001 100.0 0
0.0001 100.0 13
0.0001 100.0 8
0.0001 100.0 6
0.0001 100.0 4
0.0001 100.0 4
0.0001 100.0 8
0.0001 100.0 11
0.0001 100.0 10
0.0001 100.0 0
0.0001 100.0 5
0.0001 100.0 32
0.0001 100.0 27
0.0001 100.0 32
0.0001 100.0 32
0.0001 100.0 30
0.0001 100.0 31
0.0001 100.0 32
0.0001 100.0 31
0.0001 100.0 26
0.0001 100.0 31
0.0001 100.0 29
0.0001 100.0 30
0.0001 100.0 32
0.0001 100.0 29
0.0001 100.0 30
0.0001 100.0 30
0.0001 100.0 31
0.0001 100.0 32
0.0001 100.0 22
0.0001 100.0 19
0.0001 100.0 26
0.0001 100.0 31
0.0001 100.0 28
0.0001 100.0 31
0.0001 100.0 31
0.0001 100.0 32
0.0001 100.0 8
0.0001 100.0 32
0.0001 100.0 7
0.0001 100.0 31
0.0001 100.0 32
0.0001 100.0 32
0.0001 100.0 32
0.0001 100.0 31
0.0001 100.0 30
0.0001 100.0 31
0.0001 100.0 29
0.0001 100.0 31
0.0001 100.0 31
0.0001 100.0 28
0.0001 100.0 32
0.0001 100.0 32
0.0001 100.0 32
0.0001 100.0 8
0.0001 100.0 32
0.0001 100.0 32
0.0001 100.0 32
0.0001 100.0 31
0.0001 100.0 31
0.0001 100.0 30
0.0001 100.0 32
0.0001 100.0 31
0.0001 100.0 32
0.0001 100.0 32
0.0001 100.0 31
0.0001 100.0 32
0.0001 100.0 32
0.0001 100.0 32
0.0001 100.0 30
0.0001 100.0 31
0.0001 100.0 31
0.0001 100.0 32
0.0001 100.0 30
0.0001 100.0 31
0.0001 100.0 32
0.0001 100.0 31
0.0001 100.0 32
0.0001 100.0 31
0.0001 100.0 31
0.0001 100.0 30
0.0001 100.0 28
0.0001 100.0 32
0.0001 100.0 32
0.0001 100.0 27
0.0001 100.0 27
0.0001 100.0 29
0.0001 100.0 30
0.0001 100.0 27
0.0001 100.0 31
0.0001 100.0 30
0.0001 100.0 31
0.0001 100.0 31
0.0001 100.0 30
0.0001 100.0 32
0.0001 100.0 27
0.0001 100.0 30
0.0001 100.0 29
0.0001 100.0 31
0.0001 100.0 32
0.0001 100.0 30
